
step 0: 
6	1	3	9	5	11	
7	13	2	10	4	17	
18	14	0	8	16	22	
25	12	20	15	27	34	
19	24	33	32	28	23	
30	21	31	26	35	29	

step 1: 
6	1	3	9	5	11	
7	13	2	10	4	17	
18	14	8	0	16	22	
25	12	20	15	27	34	
19	24	33	32	28	23	
30	21	31	26	35	29	

step 2: 
6	1	3	9	5	11	
7	13	2	10	4	17	
18	14	8	15	16	22	
25	12	20	0	27	34	
19	24	33	32	28	23	
30	21	31	26	35	29	

step 3: 
6	1	3	9	5	11	
7	13	2	10	4	17	
18	14	8	15	16	22	
25	12	20	27	0	34	
19	24	33	32	28	23	
30	21	31	26	35	29	

step 4: 
6	1	3	9	5	11	
7	13	2	10	4	17	
18	14	8	15	16	22	
25	12	20	27	34	0	
19	24	33	32	28	23	
30	21	31	26	35	29	

step 5: 
6	1	3	9	5	11	
7	13	2	10	4	17	
18	14	8	15	16	0	
25	12	20	27	34	22	
19	24	33	32	28	23	
30	21	31	26	35	29	

step 6: 
6	1	3	9	5	11	
7	13	2	10	4	0	
18	14	8	15	16	17	
25	12	20	27	34	22	
19	24	33	32	28	23	
30	21	31	26	35	29	

step 7: 
6	1	3	9	5	0	
7	13	2	10	4	11	
18	14	8	15	16	17	
25	12	20	27	34	22	
19	24	33	32	28	23	
30	21	31	26	35	29	

step 8: 
6	1	3	9	0	5	
7	13	2	10	4	11	
18	14	8	15	16	17	
25	12	20	27	34	22	
19	24	33	32	28	23	
30	21	31	26	35	29	

step 9: 
6	1	3	9	4	5	
7	13	2	10	0	11	
18	14	8	15	16	17	
25	12	20	27	34	22	
19	24	33	32	28	23	
30	21	31	26	35	29	

step 10: 
6	1	3	9	4	5	
7	13	2	0	10	11	
18	14	8	15	16	17	
25	12	20	27	34	22	
19	24	33	32	28	23	
30	21	31	26	35	29	

step 11: 
6	1	3	0	4	5	
7	13	2	9	10	11	
18	14	8	15	16	17	
25	12	20	27	34	22	
19	24	33	32	28	23	
30	21	31	26	35	29	

step 12: 
6	1	0	3	4	5	
7	13	2	9	10	11	
18	14	8	15	16	17	
25	12	20	27	34	22	
19	24	33	32	28	23	
30	21	31	26	35	29	

step 13: 
6	1	2	3	4	5	
7	13	0	9	10	11	
18	14	8	15	16	17	
25	12	20	27	34	22	
19	24	33	32	28	23	
30	21	31	26	35	29	

step 14: 
6	1	2	3	4	5	
7	13	8	9	10	11	
18	14	0	15	16	17	
25	12	20	27	34	22	
19	24	33	32	28	23	
30	21	31	26	35	29	

step 15: 
6	1	2	3	4	5	
7	13	8	9	10	11	
18	0	14	15	16	17	
25	12	20	27	34	22	
19	24	33	32	28	23	
30	21	31	26	35	29	

step 16: 
6	1	2	3	4	5	
7	13	8	9	10	11	
18	12	14	15	16	17	
25	0	20	27	34	22	
19	24	33	32	28	23	
30	21	31	26	35	29	

step 17: 
6	1	2	3	4	5	
7	13	8	9	10	11	
18	12	14	15	16	17	
0	25	20	27	34	22	
19	24	33	32	28	23	
30	21	31	26	35	29	

step 18: 
6	1	2	3	4	5	
7	13	8	9	10	11	
18	12	14	15	16	17	
19	25	20	27	34	22	
0	24	33	32	28	23	
30	21	31	26	35	29	

step 19: 
6	1	2	3	4	5	
7	13	8	9	10	11	
18	12	14	15	16	17	
19	25	20	27	34	22	
24	0	33	32	28	23	
30	21	31	26	35	29	

step 20: 
6	1	2	3	4	5	
7	13	8	9	10	11	
18	12	14	15	16	17	
19	25	20	27	34	22	
24	21	33	32	28	23	
30	0	31	26	35	29	

step 21: 
6	1	2	3	4	5	
7	13	8	9	10	11	
18	12	14	15	16	17	
19	25	20	27	34	22	
24	21	33	32	28	23	
30	31	0	26	35	29	

step 22: 
6	1	2	3	4	5	
7	13	8	9	10	11	
18	12	14	15	16	17	
19	25	20	27	34	22	
24	21	33	32	28	23	
30	31	26	0	35	29	

step 23: 
6	1	2	3	4	5	
7	13	8	9	10	11	
18	12	14	15	16	17	
19	25	20	27	34	22	
24	21	33	0	28	23	
30	31	26	32	35	29	

step 24: 
6	1	2	3	4	5	
7	13	8	9	10	11	
18	12	14	15	16	17	
19	25	20	27	34	22	
24	21	33	28	0	23	
30	31	26	32	35	29	

step 25: 
6	1	2	3	4	5	
7	13	8	9	10	11	
18	12	14	15	16	17	
19	25	20	27	0	22	
24	21	33	28	34	23	
30	31	26	32	35	29	

step 26: 
6	1	2	3	4	5	
7	13	8	9	10	11	
18	12	14	15	16	17	
19	25	20	27	22	0	
24	21	33	28	34	23	
30	31	26	32	35	29	

step 27: 
6	1	2	3	4	5	
7	13	8	9	10	11	
18	12	14	15	16	17	
19	25	20	27	22	23	
24	21	33	28	34	0	
30	31	26	32	35	29	

step 28: 
6	1	2	3	4	5	
7	13	8	9	10	11	
18	12	14	15	16	17	
19	25	20	27	22	23	
24	21	33	28	34	29	
30	31	26	32	35	0	

step 29: 
6	1	2	3	4	5	
7	13	8	9	10	11	
18	12	14	15	16	17	
19	25	20	27	22	23	
24	21	33	28	34	29	
30	31	26	32	0	35	

step 30: 
6	1	2	3	4	5	
7	13	8	9	10	11	
18	12	14	15	16	17	
19	25	20	27	22	23	
24	21	33	28	0	29	
30	31	26	32	34	35	

step 31: 
6	1	2	3	4	5	
7	13	8	9	10	11	
18	12	14	15	16	17	
19	25	20	27	22	23	
24	21	33	0	28	29	
30	31	26	32	34	35	

step 32: 
6	1	2	3	4	5	
7	13	8	9	10	11	
18	12	14	15	16	17	
19	25	20	27	22	23	
24	21	0	33	28	29	
30	31	26	32	34	35	

step 33: 
6	1	2	3	4	5	
7	13	8	9	10	11	
18	12	14	15	16	17	
19	25	20	27	22	23	
24	0	21	33	28	29	
30	31	26	32	34	35	

step 34: 
6	1	2	3	4	5	
7	13	8	9	10	11	
18	12	14	15	16	17	
19	0	20	27	22	23	
24	25	21	33	28	29	
30	31	26	32	34	35	

step 35: 
6	1	2	3	4	5	
7	13	8	9	10	11	
18	12	14	15	16	17	
19	20	0	27	22	23	
24	25	21	33	28	29	
30	31	26	32	34	35	

step 36: 
6	1	2	3	4	5	
7	13	8	9	10	11	
18	12	14	15	16	17	
19	20	21	27	22	23	
24	25	0	33	28	29	
30	31	26	32	34	35	

step 37: 
6	1	2	3	4	5	
7	13	8	9	10	11	
18	12	14	15	16	17	
19	20	21	27	22	23	
24	25	26	33	28	29	
30	31	0	32	34	35	

step 38: 
6	1	2	3	4	5	
7	13	8	9	10	11	
18	12	14	15	16	17	
19	20	21	27	22	23	
24	25	26	33	28	29	
30	31	32	0	34	35	

step 39: 
6	1	2	3	4	5	
7	13	8	9	10	11	
18	12	14	15	16	17	
19	20	21	27	22	23	
24	25	26	0	28	29	
30	31	32	33	34	35	

step 40: 
6	1	2	3	4	5	
7	13	8	9	10	11	
18	12	14	15	16	17	
19	20	21	0	22	23	
24	25	26	27	28	29	
30	31	32	33	34	35	

step 41: 
6	1	2	3	4	5	
7	13	8	9	10	11	
18	12	14	15	16	17	
19	20	0	21	22	23	
24	25	26	27	28	29	
30	31	32	33	34	35	

step 42: 
6	1	2	3	4	5	
7	13	8	9	10	11	
18	12	14	15	16	17	
19	0	20	21	22	23	
24	25	26	27	28	29	
30	31	32	33	34	35	

step 43: 
6	1	2	3	4	5	
7	13	8	9	10	11	
18	12	14	15	16	17	
0	19	20	21	22	23	
24	25	26	27	28	29	
30	31	32	33	34	35	

step 44: 
6	1	2	3	4	5	
7	13	8	9	10	11	
0	12	14	15	16	17	
18	19	20	21	22	23	
24	25	26	27	28	29	
30	31	32	33	34	35	

step 45: 
6	1	2	3	4	5	
7	13	8	9	10	11	
12	0	14	15	16	17	
18	19	20	21	22	23	
24	25	26	27	28	29	
30	31	32	33	34	35	

step 46: 
6	1	2	3	4	5	
7	0	8	9	10	11	
12	13	14	15	16	17	
18	19	20	21	22	23	
24	25	26	27	28	29	
30	31	32	33	34	35	

step 47: 
6	1	2	3	4	5	
0	7	8	9	10	11	
12	13	14	15	16	17	
18	19	20	21	22	23	
24	25	26	27	28	29	
30	31	32	33	34	35	

step 48: 
0	1	2	3	4	5	
6	7	8	9	10	11	
12	13	14	15	16	17	
18	19	20	21	22	23	
24	25	26	27	28	29	
30	31	32	33	34	35	
